0
1
2
3
4
5
6
7
9
11
12
13
15
16
18
19
20
21
22
23
24
25
26
27
28
29
30
31
32
33
35
36
37
39
40
41
42
44
45
46
47
49
50
51
52
54
55
56
57
58
59
61
63
64
65
66
67
68
69
71
72
73
74
75
76
77
78
79
80
81
83
84
87
89
90
91
92
93
94
95
96
97
98
100
101
102
103
104
105
106
107
108
109
110
111
112
113
114
115
116
117
119
120
123
124
125
126
127
128
129
130
131
133
134
137
138
139
140
141
143
144
145
146
147
148
150
152
153
154
155
156
158
159
161
165
166
167
168
169
172
173
177
178
179
180
181
182
183
184
185
188
189
191
192
194
195
198
199
200
201
202
204
206
207
208
209
210
211
212
213
214
215
216
217
218
219
220
221
222
225
226
227
228
229
230
231
232
233
234
235
236
237
238
241
242
244
245
246
247
248
249
250
252
257
258
259
260
262
263
264
265
266
267
268
269
270
271
273
274
275
276
279
281
282
283
284
285
286
287
288
289
290
291
292
294
295
296
297
298
299
